7533
9315
6002
1209
7690
6517
8592
8807
8097
2465
1698
6869
2854
9967
6679
2950
4323
8403
9358
8930
1651
3905
2366
1642
7325
7417
6165
8743
6614
9900
5095
1939
1449
5689
9012
4238
7164
7991
1634
4839
9274
9983
5282
8087
6002
6431
6589
7256
3210
6637
1060
4797
8977
5885
9137
9595
5519
3655
4563
8187
8859
8016
4379
7630
1525
3831
6383
9749
9594
4521
9503
3175
2927
5105
1758
7464
5201
1710
9167
1375
3510
7523
7653
4782
6579
9146
6324
6636
5068
5996
2311
1434
1135
9524
7352
8343
2592
8883
4585
9284
2790
7901
7660
2504
6237
5584
4268
8454
3836
7234
8096
8245
9024
3152
6443
9692
6852
7503
9591
4052
4142
9361
2099
3080
2125
8894
3181
5140
8606
8691
8598
9178
7497
2438
6009
2672
6677
9183
6597
9887
1886
9202
5188
2317
4926
8064
2026
2395
5460
6034
1790
4978
7672
4482
8392
9384
7269
9592
7063
4220
6040
1939
4495
6227
6942
8294
9775
8340
3361
4723
4579
8131
4919
3903
1472
6373
3790
4905
1028
3948
3452
4043
4240
8822
5090
7597
8565
8065
9231
6219
3985
9278
9482
7385
5540
1993
8937
4059
6738
8465