27499330
27853457
27269446
27253987
27917158
27197073
27286763
27131694
27023388
27642851
27952735
27331015
27023117
27734197
27557270
27420658
27170617
27205673
27174984
27832546
27040998
27198642
27127881
27540474
27662371
27949838
27063542
27393365
27392338
27768918
27291192
27107876
27501225
27284622
27724427
27743826
27225943
27092477
27491397
27410824
27126733
27641714
27410441
27007397
27591402
27766264
27109710
27524091
27626816
27890903
27727425
27434637
27069664
27760052
27674147
27322926
27634780
27606553
27978225
27526248
27095935
27079387
27908759
27070272
27877314
27315852
27664632
27985524
27014951
27418076
27495257
27722574
27308194
27777907
27301173
27380445
27549833
27979852
27304562
27843871
27849259
27373705
27684070
27912302
27227775
27575084
27087171
27535648
27035627
27633201
27779585
27821252
27000244
27819384
27763201
27769065
27014428
27395468
27282528
27081979
27536580
27209510
27036762
27666551
27558673
27766348
27131806
27353629
27166582
27184583
27741536
27341024
27952556
27458806
27277588
27710223
27069537
27426724
27050359
27239535
27411189
27244095
27326750
27695672
27078727
27759338
27243936
27892132
27618924
27334798
27071134
27122889
27509396
27573234
27758616
27502044
27351826
27269390
27679542
27137928
27320697
27747155
27931868
27415629
27088391
27862709
27556965
27566397
27479953
27085862
27023989
27164853
27516237
27982543
27307610
27875743
27863811
27556808
27968941
27380221
27075255
27467046
27796881
27256554
27860346
27371020
27589826
27348600
27695334
27573454
27262364
27077362
27923591
27137418
27762327
27040008
27598629
27453012
27209771
27039661
27616933
27732334
27261587
27174354
27434500
27048793
27538918
27140465
27509954
27040255
27163367
27840263
27450175
27751108
27509235
27481294
27369621
27671463
27270322
27810004
27148566
27330077
27537421
27105960
27998583
27905326
27263517
27705401
27533673
27537583
27944019
27420815
27880737
27310697
27519020
27070121
27537316
27567791
27541979
27567400
27496627
27929418
27854042
27462317
27845548
27163733
27112043
27535127
27962624
27176492
27089525
27867664
27184711
27010995
27355655
27629364
27529004
27276550
27095878
27411504
27511463
27555055
27102573
27926960
27724909
27389241
27570998
27899739
27714970
27841458
27249719
27178413
27990100
27109094
27491628
27354490
27858908
27475996
27544331
27633570
27311238
27073989
27870186
27272748
27122608
27965931
27392096
27549035
27109358
27264331
27083364
27765203
27877175
27118663
27690461
27720403
27692902
27748441
27570159
27100134
27278402
27235712
27761617
27809993
27111815
27850627
27546659
27731515
27842315
27878072
27643041
27959690
27465020
27802490
27879090
27064667
27912473
27158640
27215325
27805447
27862703
27761366
27303722
27596240
27906120
27341558
27511583
27755263
27376285
27547459
27356621
27204397
27737763
27036246
27624410
27188694
27733618
27774438
27184977
27502724
27789981
27227480
27079391
27123367
27104272
27059090
27535204
27005745
27124823
27802538
27929756
27868036
27986210
27788045
27790296
27920362
27435637
27211533
27166107
27102699
27434812
27472203
27000996
27183227
27891989
27798397
27285841
27314834
27740160
27323901
27676951
27464614
27869295
27220838
27371594
27851450
27477205
27413028
27605126
27525618
27788838
27531582
27263128
27958110
27112661
27459612
27392108
27910608
27264685
27899232
27222551
27350559
27729507
27874477
27368041
27883695
27191599
27418243
27867797
27781844
27318352
27427786
27746033
27033697
27389650
27487445
27891877
27281459
27315912
27915415
27566915
27500301
27199895
27119790
27174915
27307256
27053011
27076325
27540671
27903493
27617578
27258045
27238843
27403138
27840012
27215257
27754654
27568846
27934970
27992551
27262373
27020684
27453803
27518357
27402245
27802916
27600244
27148288
27994101
27994165
27232605
27268390
27096007
27323338
27968304
27534632
27947539
27722948
27255815
27544487
27810800
27016600
27100383
27102473
27984775
27367564
27980933
27280628
27372108
27110746
27061811
27442416
27819565
27935719
27249141
27498183
27197099
27653392
27229848
27956877
27332767
27355611
27826390
27964964
27008685
27227496
27975084
27906680
27206063
27023732
27149495
27470182
27692789
27164152
27045786
27358311
27654189
27935282
27764240
27471710
27021698
27059298
27058868
27171417
27566247
27666358
27653235
27608936
27090777
27565685
27259149
27941743
27941774
27052009
27763582
27274215
27516772
27968297
27237400
27515611
27918104
27892932
27807079
27838807
27816153
27941509
27088081
27071316
27096199
27235665